75e56c8fbb9336eb4dd40f5f609d5344203d374d73fd0b8d2bce19f754070f6a	userDefined	75e56c8fbb9336eb4dd40f5f609d5344203d374d73fd0b8d2bce19f754070f6a
84f9f68ef003a21288fffe8f9a09a5a29b05f4cc4229b8337d1e3c28b6d07923	rpc	75e56c8fbb9336eb4dd40f5f609d5344203d374d73fd0b8d2bce19f754070f6a
eb3f10d45c67c75788ad9d58a79741ab3d89ce76a3415b23c2919a54208bcb73	mc	75e56c8fbb9336eb4dd40f5f609d5344203d374d73fd0b8d2bce19f754070f6a
091794afdcf1abbaf62404337ff72a38df96c5d8af8bd0d1348b331e84ac89e5	rpc	75e56c8fbb9336eb4dd40f5f609d5344203d374d73fd0b8d2bce19f754070f6a
e6c95bef37d936ebb375bf135ded88c96eb9257a1d3d9de38a1dbd2751b0fbce	rpc	95a6f7f8345e2eca31ee74ddc19d547e7fc0f5c8e65772d7b08a68eb5214dc44
75e56c8fbb9336eb4dd40f5f609d5344203d374d73fd0b8d2bce19f754070f6a	rpc	e6c95bef37d936ebb375bf135ded88c96eb9257a1d3d9de38a1dbd2751b0fbce
9cc1113009ea0ec1a4cf99fa6984bd49be8dd026be42921fc6897e5bf121efad	mc	95a6f7f8345e2eca31ee74ddc19d547e7fc0f5c8e65772d7b08a68eb5214dc44
b91aa786dae1bcb16f3b077b408d3f1831f733ec91a5c5bbd3c20caf9b44b9e4	mc	95a6f7f8345e2eca31ee74ddc19d547e7fc0f5c8e65772d7b08a68eb5214dc44
95a6f7f8345e2eca31ee74ddc19d547e7fc0f5c8e65772d7b08a68eb5214dc44	rpc	95a6f7f8345e2eca31ee74ddc19d547e7fc0f5c8e65772d7b08a68eb5214dc44
2e851da990f42464b9a776942a772cb4911dfca4778b0d3e28dceb3337d65c34	mc	95a6f7f8345e2eca31ee74ddc19d547e7fc0f5c8e65772d7b08a68eb5214dc44
04940a16b54c3d25fe069d5fa3b209e6897040996c3715a8f684b7dddb1d7ef9	mc	95a6f7f8345e2eca31ee74ddc19d547e7fc0f5c8e65772d7b08a68eb5214dc44
2287bd25fd3f96f8b65d2b8aa90f00c9756929ae996c02ea86fa7fb78625e921	rpc	75e56c8fbb9336eb4dd40f5f609d5344203d374d73fd0b8d2bce19f754070f6a
84f9f68ef003a21288fffe8f9a09a5a29b05f4cc4229b8337d1e3c28b6d07923	rpc	2287bd25fd3f96f8b65d2b8aa90f00c9756929ae996c02ea86fa7fb78625e921
0b0c981da8042a436f30f7d9f7cce74360abe630bd54785016816e10f4d22525	mc	95a6f7f8345e2eca31ee74ddc19d547e7fc0f5c8e65772d7b08a68eb5214dc44
46a6d5047ff9337b34dbdf42c07843d60367ece052e92e004c7dbc3348b3bc75	mc	95a6f7f8345e2eca31ee74ddc19d547e7fc0f5c8e65772d7b08a68eb5214dc44
01d660afcfadafd587e20ec4c04ddbc7eb0de95643ba0eec5fc1aeb15e341a85	mc	95a6f7f8345e2eca31ee74ddc19d547e7fc0f5c8e65772d7b08a68eb5214dc44
6746853e39c5008988baf677bf27c846ee99173cafdec2aa8c949843d3a94b95	mc	95a6f7f8345e2eca31ee74ddc19d547e7fc0f5c8e65772d7b08a68eb5214dc44
f0facca9841a7832c38299f8448958df4dceeadb444631f61ec1cedaa3a88c80	rpc	75e56c8fbb9336eb4dd40f5f609d5344203d374d73fd0b8d2bce19f754070f6a
2287bd25fd3f96f8b65d2b8aa90f00c9756929ae996c02ea86fa7fb78625e921	userDefined	2287bd25fd3f96f8b65d2b8aa90f00c9756929ae996c02ea86fa7fb78625e921
